16.6667 -4.1667 0.0000 0.0000 -4.1667 -8.3333 0.0000 0.0000 0.0000 0.0000 0.0000 0.0000 0.0000 0.0000 0.0000 0.0000
-4.1667 33.3333 -4.1667 0.0000 -8.3333 -8.3333 -8.3333 0.0000 0.0000 0.0000 0.0000 0.0000 0.0000 0.0000 0.0000 0.0000
0.0000 -4.1667 33.3333 -4.1667 0.0000 -8.3333 -8.3333 -8.3333 0.0000 0.0000 0.0000 0.0000 0.0000 0.0000 0.0000 0.0000
0.0000 0.0000 -4.1667 16.6667 0.0000 0.0000 -8.3333 -4.1667 0.0000 0.0000 0.0000 0.0000 0.0000 0.0000 0.0000 0.0000
-4.1667 -8.3333 0.0000 0.0000 33.3333 -8.3333 0.0000 0.0000 -4.1667 -8.3333 0.0000 0.0000 0.0000 0.0000 0.0000 0.0000
-8.3333 -8.3333 -8.3333 0.0000 -8.3333 66.6667 -8.3333 0.0000 -8.3333 -8.3333 -8.3333 0.0000 0.0000 0.0000 0.0000 0.0000
0.0000 -8.3333 -8.3333 -8.3333 0.0000 -8.3333 66.6667 -8.3333 0.0000 -8.3333 -8.3333 -8.3333 0.0000 0.0000 0.0000 0.0000
0.0000 0.0000 -8.3333 -4.1667 0.0000 0.0000 -8.3333 33.3333 0.0000 0.0000 -8.3333 -4.1667 0.0000 0.0000 0.0000 0.0000
0.0000 0.0000 0.0000 0.0000 -4.1667 -8.3333 0.0000 0.0000 33.3333 -8.3333 0.0000 0.0000 -4.1667 -8.3333 0.0000 0.0000
0.0000 0.0000 0.0000 0.0000 -8.3333 -8.3333 -8.3333 0.0000 -8.3333 66.6667 -8.3333 0.0000 -8.3333 -8.3333 -8.3333 0.0000
0.0000 0.0000 0.0000 0.0000 0.0000 -8.3333 -8.3333 -8.3333 0.0000 -8.3333 66.6667 -8.3333 0.0000 -8.3333 -8.3333 -8.3333
0.0000 0.0000 0.0000 0.0000 0.0000 0.0000 -8.3333 -4.1667 0.0000 0.0000 -8.3333 33.3333 0.0000 0.0000 -8.3333 -4.1667
0.0000 0.0000 0.0000 0.0000 0.0000 0.0000 0.0000 0.0000 -4.1667 -8.3333 0.0000 0.0000 16.6667 -4.1667 0.0000 0.0000
0.0000 0.0000 0.0000 0.0000 0.0000 0.0000 0.0000 0.0000 -8.3333 -8.3333 -8.3333 0.0000 -4.1667 33.3333 -4.1667 0.0000
0.0000 0.0000 0.0000 0.0000 0.0000 0.0000 0.0000 0.0000 0.0000 -8.3333 -8.3333 -8.3333 0.0000 -4.1667 33.3333 -4.1667
0.0000 0.0000 0.0000 0.0000 0.0000 0.0000 0.0000 0.0000 0.0000 0.0000 -8.3333 -4.1667 0.0000 0.0000 -4.1667 16.6667
