1011.1111 -252.7778 0.0000 0.0000 -252.7778 -505.5556 0.0000 0.0000 0.0000 0.0000 0.0000 0.0000 0.0000 0.0000 0.0000 0.0000
-252.7778 2022.2222 -252.7778 0.0000 -505.5556 -505.5556 -505.5556 0.0000 0.0000 0.0000 0.0000 0.0000 0.0000 0.0000 0.0000 0.0000
0.0000 -252.7778 2022.2222 -252.7778 0.0000 -505.5556 -505.5556 -505.5556 0.0000 0.0000 0.0000 0.0000 0.0000 0.0000 0.0000 0.0000
0.0000 0.0000 -252.7778 1011.1111 0.0000 0.0000 -505.5556 -252.7778 0.0000 0.0000 0.0000 0.0000 0.0000 0.0000 0.0000 0.0000
-252.7778 -505.5556 0.0000 0.0000 2022.2222 -505.5556 0.0000 0.0000 -252.7778 -505.5556 0.0000 0.0000 0.0000 0.0000 0.0000 0.0000
-505.5556 -505.5556 -505.5556 0.0000 -505.5556 4044.4444 -505.5556 0.0000 -505.5556 -505.5556 -505.5556 0.0000 0.0000 0.0000 0.0000 0.0000
0.0000 -505.5556 -505.5556 -505.5556 0.0000 -505.5556 4044.4444 -505.5556 0.0000 -505.5556 -505.5556 -505.5556 0.0000 0.0000 0.0000 0.0000
0.0000 0.0000 -505.5556 -252.7778 0.0000 0.0000 -505.5556 2022.2222 0.0000 0.0000 -505.5556 -252.7778 0.0000 0.0000 0.0000 0.0000
0.0000 0.0000 0.0000 0.0000 -252.7778 -505.5556 0.0000 0.0000 2022.2222 -505.5556 0.0000 0.0000 -252.7778 -505.5556 0.0000 0.0000
0.0000 0.0000 0.0000 0.0000 -505.5556 -505.5556 -505.5556 0.0000 -505.5556 4044.4444 -505.5556 0.0000 -505.5556 -505.5556 -505.5556 0.0000
0.0000 0.0000 0.0000 0.0000 0.0000 -505.5556 -505.5556 -505.5556 0.0000 -505.5556 4044.4444 -505.5556 0.0000 -505.5556 -505.5556 -505.5556
0.0000 0.0000 0.0000 0.0000 0.0000 0.0000 -505.5556 -252.7778 0.0000 0.0000 -505.5556 2022.2222 0.0000 0.0000 -505.5556 -252.7778
0.0000 0.0000 0.0000 0.0000 0.0000 0.0000 0.0000 0.0000 -252.7778 -505.5556 0.0000 0.0000 1011.1111 -252.7778 0.0000 0.0000
0.0000 0.0000 0.0000 0.0000 0.0000 0.0000 0.0000 0.0000 -505.5556 -505.5556 -505.5556 0.0000 -252.7778 2022.2222 -252.7778 0.0000
0.0000 0.0000 0.0000 0.0000 0.0000 0.0000 0.0000 0.0000 0.0000 -505.5556 -505.5556 -505.5556 0.0000 -252.7778 2022.2222 -252.7778
0.0000 0.0000 0.0000 0.0000 0.0000 0.0000 0.0000 0.0000 0.0000 0.0000 -505.5556 -252.7778 0.0000 0.0000 -252.7778 1011.1111
