1011.1110 -252.7777 0.0000 0.0000 -252.7777 -505.5556 0.0000 0.0000 0.0000 0.0000 0.0000 0.0000 0.0000 0.0000 0.0000 0.0000
-252.7777 2022.2221 -252.7777 0.0000 -505.5556 -505.5554 -505.5556 0.0000 0.0000 0.0000 0.0000 0.0000 0.0000 0.0000 0.0000 0.0000
0.0000 -252.7777 2022.2221 -252.7777 0.0000 -505.5556 -505.5554 -505.5556 0.0000 0.0000 0.0000 0.0000 0.0000 0.0000 0.0000 0.0000
0.0000 0.0000 -252.7777 1011.1110 0.0000 0.0000 -505.5556 -252.7777 0.0000 0.0000 0.0000 0.0000 0.0000 0.0000 0.0000 0.0000
-252.7777 -505.5556 0.0000 0.0000 2022.2221 -505.5554 0.0000 0.0000 -252.7777 -505.5556 0.0000 0.0000 0.0000 0.0000 0.0000 0.0000
-505.5556 -505.5554 -505.5556 0.0000 -505.5554 4044.4441 -505.5554 0.0000 -505.5556 -505.5554 -505.5556 0.0000 0.0000 0.0000 0.0000 0.0000
0.0000 -505.5556 -505.5554 -505.5556 0.0000 -505.5554 4044.4441 -505.5554 0.0000 -505.5556 -505.5554 -505.5556 0.0000 0.0000 0.0000 0.0000
0.0000 0.0000 -505.5556 -252.7777 0.0000 0.0000 -505.5554 2022.2221 0.0000 0.0000 -505.5556 -252.7777 0.0000 0.0000 0.0000 0.0000
0.0000 0.0000 0.0000 0.0000 -252.7777 -505.5556 0.0000 0.0000 2022.2221 -505.5554 0.0000 0.0000 -252.7777 -505.5556 0.0000 0.0000
0.0000 0.0000 0.0000 0.0000 -505.5556 -505.5554 -505.5556 0.0000 -505.5554 4044.4441 -505.5554 0.0000 -505.5556 -505.5554 -505.5556 0.0000
0.0000 0.0000 0.0000 0.0000 0.0000 -505.5556 -505.5554 -505.5556 0.0000 -505.5554 4044.4441 -505.5554 0.0000 -505.5556 -505.5554 -505.5556
0.0000 0.0000 0.0000 0.0000 0.0000 0.0000 -505.5556 -252.7777 0.0000 0.0000 -505.5554 2022.2221 0.0000 0.0000 -505.5556 -252.7777
0.0000 0.0000 0.0000 0.0000 0.0000 0.0000 0.0000 0.0000 -252.7777 -505.5556 0.0000 0.0000 1011.1110 -252.7777 0.0000 0.0000
0.0000 0.0000 0.0000 0.0000 0.0000 0.0000 0.0000 0.0000 -505.5556 -505.5554 -505.5556 0.0000 -252.7777 2022.2221 -252.7777 0.0000
0.0000 0.0000 0.0000 0.0000 0.0000 0.0000 0.0000 0.0000 0.0000 -505.5556 -505.5554 -505.5556 0.0000 -252.7777 2022.2221 -252.7777
0.0000 0.0000 0.0000 0.0000 0.0000 0.0000 0.0000 0.0000 0.0000 0.0000 -505.5556 -252.7777 0.0000 0.0000 -252.7777 1011.1110
