1822022.0732 912022.3709 -907977.9268 -1817977.6291
912022.3709 1822022.0732 -1817977.6291 -907977.9268
-907977.9268 -1817977.6291 1822022.0732 912022.3709
-1817977.6291 -907977.9268 912022.3709 1822022.0732

1822022.0732 912022.3709 -907977.9268 -1817977.6291
912022.3709 1822022.0732 -1817977.6291 -907977.9268
-907977.9268 -1817977.6291 1822022.0732 912022.3709
-1817977.6291 -907977.9268 912022.3709 1822022.0732

1822022.0732 912022.3709 -907977.9268 -1817977.6291
912022.3709 1822022.0732 -1817977.6291 -907977.9268
-907977.9268 -1817977.6291 1822022.0732 912022.3709
-1817977.6291 -907977.9268 912022.3709 1822022.0732

1822022.0732 912022.3709 -907977.9268 -1817977.6291
912022.3709 1822022.0732 -1817977.6291 -907977.9268
-907977.9268 -1817977.6291 1822022.0732 912022.3709
-1817977.6291 -907977.9268 912022.3709 1822022.0732

1822022.0732 912022.3709 -907977.9268 -1817977.6291
912022.3709 1822022.0732 -1817977.6291 -907977.9268
-907977.9268 -1817977.6291 1822022.0732 912022.3709
-1817977.6291 -907977.9268 912022.3709 1822022.0732

1822022.0732 912022.3709 -907977.9268 -1817977.6291
912022.3709 1822022.0732 -1817977.6291 -907977.9268
-907977.9268 -1817977.6291 1822022.0732 912022.3709
-1817977.6291 -907977.9268 912022.3709 1822022.0732

1822022.0732 912022.3709 -907977.9268 -1817977.6291
912022.3709 1822022.0732 -1817977.6291 -907977.9268
-907977.9268 -1817977.6291 1822022.0732 912022.3709
-1817977.6291 -907977.9268 912022.3709 1822022.0732

1822022.0732 912022.3709 -907977.9268 -1817977.6291
912022.3709 1822022.0732 -1817977.6291 -907977.9268
-907977.9268 -1817977.6291 1822022.0732 912022.3709
-1817977.6291 -907977.9268 912022.3709 1822022.0732

1822022.0732 912022.3709 -907977.9268 -1817977.6291
912022.3709 1822022.0732 -1817977.6291 -907977.9268
-907977.9268 -1817977.6291 1822022.0732 912022.3709
-1817977.6291 -907977.9268 912022.3709 1822022.0732

1822022.0732 912022.3709 -907977.9268 -1817977.6291
912022.3709 1822022.0732 -1817977.6291 -907977.9268
-907977.9268 -1817977.6291 1822022.0732 912022.3709
-1817977.6291 -907977.9268 912022.3709 1822022.0732

1822022.0732 912022.3709 -907977.9268 -1817977.6291
912022.3709 1822022.0732 -1817977.6291 -907977.9268
-907977.9268 -1817977.6291 1822022.0732 912022.3709
-1817977.6291 -907977.9268 912022.3709 1822022.0732

1822022.0732 912022.3709 -907977.9268 -1817977.6291
912022.3709 1822022.0732 -1817977.6291 -907977.9268
-907977.9268 -1817977.6291 1822022.0732 912022.3709
-1817977.6291 -907977.9268 912022.3709 1822022.0732

1822022.0732 912022.3709 -907977.9268 -1817977.6291
912022.3709 1822022.0732 -1817977.6291 -907977.9268
-907977.9268 -1817977.6291 1822022.0732 912022.3709
-1817977.6291 -907977.9268 912022.3709 1822022.0732

1822022.0732 912022.3709 -907977.9268 -1817977.6291
912022.3709 1822022.0732 -1817977.6291 -907977.9268
-907977.9268 -1817977.6291 1822022.0732 912022.3709
-1817977.6291 -907977.9268 912022.3709 1822022.0732

1822022.0732 912022.3709 -907977.9268 -1817977.6291
912022.3709 1822022.0732 -1817977.6291 -907977.9268
-907977.9268 -1817977.6291 1822022.0732 912022.3709
-1817977.6291 -907977.9268 912022.3709 1822022.0732

1822022.0732 912022.3709 -907977.9268 -1817977.6291
912022.3709 1822022.0732 -1817977.6291 -907977.9268
-907977.9268 -1817977.6291 1822022.0732 912022.3709
-1817977.6291 -907977.9268 912022.3709 1822022.0732

1822022.0732 912022.3709 -907977.9268 -1817977.6291
912022.3709 1822022.0732 -1817977.6291 -907977.9268
-907977.9268 -1817977.6291 1822022.0732 912022.3709
-1817977.6291 -907977.9268 912022.3709 1822022.0732

1822022.0732 912022.3709 -907977.9268 -1817977.6291
912022.3709 1822022.0732 -1817977.6291 -907977.9268
-907977.9268 -1817977.6291 1822022.0732 912022.3709
-1817977.6291 -907977.9268 912022.3709 1822022.0732

1822022.0732 912022.3709 -907977.9268 -1817977.6291
912022.3709 1822022.0732 -1817977.6291 -907977.9268
-907977.9268 -1817977.6291 1822022.0732 912022.3709
-1817977.6291 -907977.9268 912022.3709 1822022.0732

1822022.0732 912022.3709 -907977.9268 -1817977.6291
912022.3709 1822022.0732 -1817977.6291 -907977.9268
-907977.9268 -1817977.6291 1822022.0732 912022.3709
-1817977.6291 -907977.9268 912022.3709 1822022.0732

1822022.0732 912022.3709 -907977.9268 -1817977.6291
912022.3709 1822022.0732 -1817977.6291 -907977.9268
-907977.9268 -1817977.6291 1822022.0732 912022.3709
-1817977.6291 -907977.9268 912022.3709 1822022.0732

1822022.0732 912022.3709 -907977.9268 -1817977.6291
912022.3709 1822022.0732 -1817977.6291 -907977.9268
-907977.9268 -1817977.6291 1822022.0732 912022.3709
-1817977.6291 -907977.9268 912022.3709 1822022.0732

1822022.0732 912022.3709 -907977.9268 -1817977.6291
912022.3709 1822022.0732 -1817977.6291 -907977.9268
-907977.9268 -1817977.6291 1822022.0732 912022.3709
-1817977.6291 -907977.9268 912022.3709 1822022.0732

1822022.0732 912022.3709 -907977.9268 -1817977.6291
912022.3709 1822022.0732 -1817977.6291 -907977.9268
-907977.9268 -1817977.6291 1822022.0732 912022.3709
-1817977.6291 -907977.9268 912022.3709 1822022.0732

1822022.0732 912022.3709 -907977.9268 -1817977.6291
912022.3709 1822022.0732 -1817977.6291 -907977.9268
-907977.9268 -1817977.6291 1822022.0732 912022.3709
-1817977.6291 -907977.9268 912022.3709 1822022.0732

1822022.0732 912022.3709 -907977.9268 -1817977.6291
912022.3709 1822022.0732 -1817977.6291 -907977.9268
-907977.9268 -1817977.6291 1822022.0732 912022.3709
-1817977.6291 -907977.9268 912022.3709 1822022.0732

1822022.0732 912022.3709 -907977.9268 -1817977.6291
912022.3709 1822022.0732 -1817977.6291 -907977.9268
-907977.9268 -1817977.6291 1822022.0732 912022.3709
-1817977.6291 -907977.9268 912022.3709 1822022.0732

1822022.0732 912022.3709 -907977.9268 -1817977.6291
912022.3709 1822022.0732 -1817977.6291 -907977.9268
-907977.9268 -1817977.6291 1822022.0732 912022.3709
-1817977.6291 -907977.9268 912022.3709 1822022.0732

1822022.0732 912022.3709 -907977.9268 -1817977.6291
912022.3709 1822022.0732 -1817977.6291 -907977.9268
-907977.9268 -1817977.6291 1822022.0732 912022.3709
-1817977.6291 -907977.9268 912022.3709 1822022.0732

1822022.0732 912022.3709 -907977.9268 -1817977.6291
912022.3709 1822022.0732 -1817977.6291 -907977.9268
-907977.9268 -1817977.6291 1822022.0732 912022.3709
-1817977.6291 -907977.9268 912022.3709 1822022.0732

1822022.0732 912022.3709 -907977.9268 -1817977.6291
912022.3709 1822022.0732 -1817977.6291 -907977.9268
-907977.9268 -1817977.6291 1822022.0732 912022.3709
-1817977.6291 -907977.9268 912022.3709 1822022.0732

1822022.0732 912022.3709 -907977.9268 -1817977.6291
912022.3709 1822022.0732 -1817977.6291 -907977.9268
-907977.9268 -1817977.6291 1822022.0732 912022.3709
-1817977.6291 -907977.9268 912022.3709 1822022.0732

1822022.0732 912022.3709 -907977.9268 -1817977.6291
912022.3709 1822022.0732 -1817977.6291 -907977.9268
-907977.9268 -1817977.6291 1822022.0732 912022.3709
-1817977.6291 -907977.9268 912022.3709 1822022.0732

1822022.0732 912022.3709 -907977.9268 -1817977.6291
912022.3709 1822022.0732 -1817977.6291 -907977.9268
-907977.9268 -1817977.6291 1822022.0732 912022.3709
-1817977.6291 -907977.9268 912022.3709 1822022.0732

1822022.0732 912022.3709 -907977.9268 -1817977.6291
912022.3709 1822022.0732 -1817977.6291 -907977.9268
-907977.9268 -1817977.6291 1822022.0732 912022.3709
-1817977.6291 -907977.9268 912022.3709 1822022.0732

1822022.0732 912022.3709 -907977.9268 -1817977.6291
912022.3709 1822022.0732 -1817977.6291 -907977.9268
-907977.9268 -1817977.6291 1822022.0732 912022.3709
-1817977.6291 -907977.9268 912022.3709 1822022.0732

1822022.0732 912022.3709 -907977.9268 -1817977.6291
912022.3709 1822022.0732 -1817977.6291 -907977.9268
-907977.9268 -1817977.6291 1822022.0732 912022.3709
-1817977.6291 -907977.9268 912022.3709 1822022.0732

1822022.0732 912022.3709 -907977.9268 -1817977.6291
912022.3709 1822022.0732 -1817977.6291 -907977.9268
-907977.9268 -1817977.6291 1822022.0732 912022.3709
-1817977.6291 -907977.9268 912022.3709 1822022.0732

1822022.0732 912022.3709 -907977.9268 -1817977.6291
912022.3709 1822022.0732 -1817977.6291 -907977.9268
-907977.9268 -1817977.6291 1822022.0732 912022.3709
-1817977.6291 -907977.9268 912022.3709 1822022.0732

1822022.0732 912022.3709 -907977.9268 -1817977.6291
912022.3709 1822022.0732 -1817977.6291 -907977.9268
-907977.9268 -1817977.6291 1822022.0732 912022.3709
-1817977.6291 -907977.9268 912022.3709 1822022.0732

1822022.0732 912022.3709 -907977.9268 -1817977.6291
912022.3709 1822022.0732 -1817977.6291 -907977.9268
-907977.9268 -1817977.6291 1822022.0732 912022.3709
-1817977.6291 -907977.9268 912022.3709 1822022.0732

1822022.0732 912022.3709 -907977.9268 -1817977.6291
912022.3709 1822022.0732 -1817977.6291 -907977.9268
-907977.9268 -1817977.6291 1822022.0732 912022.3709
-1817977.6291 -907977.9268 912022.3709 1822022.0732

1822022.0732 912022.3709 -907977.9268 -1817977.6291
912022.3709 1822022.0732 -1817977.6291 -907977.9268
-907977.9268 -1817977.6291 1822022.0732 912022.3709
-1817977.6291 -907977.9268 912022.3709 1822022.0732

1822022.0732 912022.3709 -907977.9268 -1817977.6291
912022.3709 1822022.0732 -1817977.6291 -907977.9268
-907977.9268 -1817977.6291 1822022.0732 912022.3709
-1817977.6291 -907977.9268 912022.3709 1822022.0732

1822022.0732 912022.3709 -907977.9268 -1817977.6291
912022.3709 1822022.0732 -1817977.6291 -907977.9268
-907977.9268 -1817977.6291 1822022.0732 912022.3709
-1817977.6291 -907977.9268 912022.3709 1822022.0732

1822022.0732 912022.3709 -907977.9268 -1817977.6291
912022.3709 1822022.0732 -1817977.6291 -907977.9268
-907977.9268 -1817977.6291 1822022.0732 912022.3709
-1817977.6291 -907977.9268 912022.3709 1822022.0732

1822022.0732 912022.3709 -907977.9268 -1817977.6291
912022.3709 1822022.0732 -1817977.6291 -907977.9268
-907977.9268 -1817977.6291 1822022.0732 912022.3709
-1817977.6291 -907977.9268 912022.3709 1822022.0732

1822022.0732 912022.3709 -907977.9268 -1817977.6291
912022.3709 1822022.0732 -1817977.6291 -907977.9268
-907977.9268 -1817977.6291 1822022.0732 912022.3709
-1817977.6291 -907977.9268 912022.3709 1822022.0732

1822022.0732 912022.3709 -907977.9268 -1817977.6291
912022.3709 1822022.0732 -1817977.6291 -907977.9268
-907977.9268 -1817977.6291 1822022.0732 912022.3709
-1817977.6291 -907977.9268 912022.3709 1822022.0732

1822022.0732 912022.3709 -907977.9268 -1817977.6291
912022.3709 1822022.0732 -1817977.6291 -907977.9268
-907977.9268 -1817977.6291 1822022.0732 912022.3709
-1817977.6291 -907977.9268 912022.3709 1822022.0732

1822022.0732 912022.3709 -907977.9268 -1817977.6291
912022.3709 1822022.0732 -1817977.6291 -907977.9268
-907977.9268 -1817977.6291 1822022.0732 912022.3709
-1817977.6291 -907977.9268 912022.3709 1822022.0732

1822022.0732 912022.3709 -907977.9268 -1817977.6291
912022.3709 1822022.0732 -1817977.6291 -907977.9268
-907977.9268 -1817977.6291 1822022.0732 912022.3709
-1817977.6291 -907977.9268 912022.3709 1822022.0732

1822022.0732 912022.3709 -907977.9268 -1817977.6291
912022.3709 1822022.0732 -1817977.6291 -907977.9268
-907977.9268 -1817977.6291 1822022.0732 912022.3709
-1817977.6291 -907977.9268 912022.3709 1822022.0732

1822022.0732 912022.3709 -907977.9268 -1817977.6291
912022.3709 1822022.0732 -1817977.6291 -907977.9268
-907977.9268 -1817977.6291 1822022.0732 912022.3709
-1817977.6291 -907977.9268 912022.3709 1822022.0732

1822022.0732 912022.3709 -907977.9268 -1817977.6291
912022.3709 1822022.0732 -1817977.6291 -907977.9268
-907977.9268 -1817977.6291 1822022.0732 912022.3709
-1817977.6291 -907977.9268 912022.3709 1822022.0732

1822022.0732 912022.3709 -907977.9268 -1817977.6291
912022.3709 1822022.0732 -1817977.6291 -907977.9268
-907977.9268 -1817977.6291 1822022.0732 912022.3709
-1817977.6291 -907977.9268 912022.3709 1822022.0732

1822022.0732 912022.3709 -907977.9268 -1817977.6291
912022.3709 1822022.0732 -1817977.6291 -907977.9268
-907977.9268 -1817977.6291 1822022.0732 912022.3709
-1817977.6291 -907977.9268 912022.3709 1822022.0732

1822022.0732 912022.3709 -907977.9268 -1817977.6291
912022.3709 1822022.0732 -1817977.6291 -907977.9268
-907977.9268 -1817977.6291 1822022.0732 912022.3709
-1817977.6291 -907977.9268 912022.3709 1822022.0732

1822022.0732 912022.3709 -907977.9268 -1817977.6291
912022.3709 1822022.0732 -1817977.6291 -907977.9268
-907977.9268 -1817977.6291 1822022.0732 912022.3709
-1817977.6291 -907977.9268 912022.3709 1822022.0732

1822022.0732 912022.3709 -907977.9268 -1817977.6291
912022.3709 1822022.0732 -1817977.6291 -907977.9268
-907977.9268 -1817977.6291 1822022.0732 912022.3709
-1817977.6291 -907977.9268 912022.3709 1822022.0732

1822022.0732 912022.3709 -907977.9268 -1817977.6291
912022.3709 1822022.0732 -1817977.6291 -907977.9268
-907977.9268 -1817977.6291 1822022.0732 912022.3709
-1817977.6291 -907977.9268 912022.3709 1822022.0732

1822022.0732 912022.3709 -907977.9268 -1817977.6291
912022.3709 1822022.0732 -1817977.6291 -907977.9268
-907977.9268 -1817977.6291 1822022.0732 912022.3709
-1817977.6291 -907977.9268 912022.3709 1822022.0732

1822022.0732 912022.3709 -907977.9268 -1817977.6291
912022.3709 1822022.0732 -1817977.6291 -907977.9268
-907977.9268 -1817977.6291 1822022.0732 912022.3709
-1817977.6291 -907977.9268 912022.3709 1822022.0732

1822022.0732 912022.3709 -907977.9268 -1817977.6291
912022.3709 1822022.0732 -1817977.6291 -907977.9268
-907977.9268 -1817977.6291 1822022.0732 912022.3709
-1817977.6291 -907977.9268 912022.3709 1822022.0732

1822022.0732 912022.3709 -907977.9268 -1817977.6291
912022.3709 1822022.0732 -1817977.6291 -907977.9268
-907977.9268 -1817977.6291 1822022.0732 912022.3709
-1817977.6291 -907977.9268 912022.3709 1822022.0732

1822022.0732 912022.3709 -907977.9268 -1817977.6291
912022.3709 1822022.0732 -1817977.6291 -907977.9268
-907977.9268 -1817977.6291 1822022.0732 912022.3709
-1817977.6291 -907977.9268 912022.3709 1822022.0732

1822022.0732 912022.3709 -907977.9268 -1817977.6291
912022.3709 1822022.0732 -1817977.6291 -907977.9268
-907977.9268 -1817977.6291 1822022.0732 912022.3709
-1817977.6291 -907977.9268 912022.3709 1822022.0732

1822022.0732 912022.3709 -907977.9268 -1817977.6291
912022.3709 1822022.0732 -1817977.6291 -907977.9268
-907977.9268 -1817977.6291 1822022.0732 912022.3709
-1817977.6291 -907977.9268 912022.3709 1822022.0732

1822022.0732 912022.3709 -907977.9268 -1817977.6291
912022.3709 1822022.0732 -1817977.6291 -907977.9268
-907977.9268 -1817977.6291 1822022.0732 912022.3709
-1817977.6291 -907977.9268 912022.3709 1822022.0732

1822022.0732 912022.3709 -907977.9268 -1817977.6291
912022.3709 1822022.0732 -1817977.6291 -907977.9268
-907977.9268 -1817977.6291 1822022.0732 912022.3709
-1817977.6291 -907977.9268 912022.3709 1822022.0732

1822022.0732 912022.3709 -907977.9268 -1817977.6291
912022.3709 1822022.0732 -1817977.6291 -907977.9268
-907977.9268 -1817977.6291 1822022.0732 912022.3709
-1817977.6291 -907977.9268 912022.3709 1822022.0732

1822022.0732 912022.3709 -907977.9268 -1817977.6291
912022.3709 1822022.0732 -1817977.6291 -907977.9268
-907977.9268 -1817977.6291 1822022.0732 912022.3709
-1817977.6291 -907977.9268 912022.3709 1822022.0732

1822022.0732 912022.3709 -907977.9268 -1817977.6291
912022.3709 1822022.0732 -1817977.6291 -907977.9268
-907977.9268 -1817977.6291 1822022.0732 912022.3709
-1817977.6291 -907977.9268 912022.3709 1822022.0732

1822022.0732 912022.3709 -907977.9268 -1817977.6291
912022.3709 1822022.0732 -1817977.6291 -907977.9268
-907977.9268 -1817977.6291 1822022.0732 912022.3709
-1817977.6291 -907977.9268 912022.3709 1822022.0732

1822022.0732 912022.3709 -907977.9268 -1817977.6291
912022.3709 1822022.0732 -1817977.6291 -907977.9268
-907977.9268 -1817977.6291 1822022.0732 912022.3709
-1817977.6291 -907977.9268 912022.3709 1822022.0732

1822022.0732 912022.3709 -907977.9268 -1817977.6291
912022.3709 1822022.0732 -1817977.6291 -907977.9268
-907977.9268 -1817977.6291 1822022.0732 912022.3709
-1817977.6291 -907977.9268 912022.3709 1822022.0732

1822022.0732 912022.3709 -907977.9268 -1817977.6291
912022.3709 1822022.0732 -1817977.6291 -907977.9268
-907977.9268 -1817977.6291 1822022.0732 912022.3709
-1817977.6291 -907977.9268 912022.3709 1822022.0732

1822022.0732 912022.3709 -907977.9268 -1817977.6291
912022.3709 1822022.0732 -1817977.6291 -907977.9268
-907977.9268 -1817977.6291 1822022.0732 912022.3709
-1817977.6291 -907977.9268 912022.3709 1822022.0732

1822022.0732 912022.3709 -907977.9268 -1817977.6291
912022.3709 1822022.0732 -1817977.6291 -907977.9268
-907977.9268 -1817977.6291 1822022.0732 912022.3709
-1817977.6291 -907977.9268 912022.3709 1822022.0732

1822022.0732 912022.3709 -907977.9268 -1817977.6291
912022.3709 1822022.0732 -1817977.6291 -907977.9268
-907977.9268 -1817977.6291 1822022.0732 912022.3709
-1817977.6291 -907977.9268 912022.3709 1822022.0732

1822022.0732 912022.3709 -907977.9268 -1817977.6291
912022.3709 1822022.0732 -1817977.6291 -907977.9268
-907977.9268 -1817977.6291 1822022.0732 912022.3709
-1817977.6291 -907977.9268 912022.3709 1822022.0732

1822022.0732 912022.3709 -907977.9268 -1817977.6291
912022.3709 1822022.0732 -1817977.6291 -907977.9268
-907977.9268 -1817977.6291 1822022.0732 912022.3709
-1817977.6291 -907977.9268 912022.3709 1822022.0732

1822022.0732 912022.3709 -907977.9268 -1817977.6291
912022.3709 1822022.0732 -1817977.6291 -907977.9268
-907977.9268 -1817977.6291 1822022.0732 912022.3709
-1817977.6291 -907977.9268 912022.3709 1822022.0732

1822022.0732 912022.3709 -907977.9268 -1817977.6291
912022.3709 1822022.0732 -1817977.6291 -907977.9268
-907977.9268 -1817977.6291 1822022.0732 912022.3709
-1817977.6291 -907977.9268 912022.3709 1822022.0732

1822022.0732 912022.3709 -907977.9268 -1817977.6291
912022.3709 1822022.0732 -1817977.6291 -907977.9268
-907977.9268 -1817977.6291 1822022.0732 912022.3709
-1817977.6291 -907977.9268 912022.3709 1822022.0732

1822022.0732 912022.3709 -907977.9268 -1817977.6291
912022.3709 1822022.0732 -1817977.6291 -907977.9268
-907977.9268 -1817977.6291 1822022.0732 912022.3709
-1817977.6291 -907977.9268 912022.3709 1822022.0732

1822022.0732 912022.3709 -907977.9268 -1817977.6291
912022.3709 1822022.0732 -1817977.6291 -907977.9268
-907977.9268 -1817977.6291 1822022.0732 912022.3709
-1817977.6291 -907977.9268 912022.3709 1822022.0732

1822022.0732 912022.3709 -907977.9268 -1817977.6291
912022.3709 1822022.0732 -1817977.6291 -907977.9268
-907977.9268 -1817977.6291 1822022.0732 912022.3709
-1817977.6291 -907977.9268 912022.3709 1822022.0732

1822022.0732 912022.3709 -907977.9268 -1817977.6291
912022.3709 1822022.0732 -1817977.6291 -907977.9268
-907977.9268 -1817977.6291 1822022.0732 912022.3709
-1817977.6291 -907977.9268 912022.3709 1822022.0732

1822022.0732 912022.3709 -907977.9268 -1817977.6291
912022.3709 1822022.0732 -1817977.6291 -907977.9268
-907977.9268 -1817977.6291 1822022.0732 912022.3709
-1817977.6291 -907977.9268 912022.3709 1822022.0732

1822022.0732 912022.3709 -907977.9268 -1817977.6291
912022.3709 1822022.0732 -1817977.6291 -907977.9268
-907977.9268 -1817977.6291 1822022.0732 912022.3709
-1817977.6291 -907977.9268 912022.3709 1822022.0732

1822022.0732 912022.3709 -907977.9268 -1817977.6291
912022.3709 1822022.0732 -1817977.6291 -907977.9268
-907977.9268 -1817977.6291 1822022.0732 912022.3709
-1817977.6291 -907977.9268 912022.3709 1822022.0732

1822022.0732 912022.3709 -907977.9268 -1817977.6291
912022.3709 1822022.0732 -1817977.6291 -907977.9268
-907977.9268 -1817977.6291 1822022.0732 912022.3709
-1817977.6291 -907977.9268 912022.3709 1822022.0732

1822022.0732 912022.3709 -907977.9268 -1817977.6291
912022.3709 1822022.0732 -1817977.6291 -907977.9268
-907977.9268 -1817977.6291 1822022.0732 912022.3709
-1817977.6291 -907977.9268 912022.3709 1822022.0732

1822022.0732 912022.3709 -907977.9268 -1817977.6291
912022.3709 1822022.0732 -1817977.6291 -907977.9268
-907977.9268 -1817977.6291 1822022.0732 912022.3709
-1817977.6291 -907977.9268 912022.3709 1822022.0732

1822022.0732 912022.3709 -907977.9268 -1817977.6291
912022.3709 1822022.0732 -1817977.6291 -907977.9268
-907977.9268 -1817977.6291 1822022.0732 912022.3709
-1817977.6291 -907977.9268 912022.3709 1822022.0732

1822022.0732 912022.3709 -907977.9268 -1817977.6291
912022.3709 1822022.0732 -1817977.6291 -907977.9268
-907977.9268 -1817977.6291 1822022.0732 912022.3709
-1817977.6291 -907977.9268 912022.3709 1822022.0732

1822022.0732 912022.3709 -907977.9268 -1817977.6291
912022.3709 1822022.0732 -1817977.6291 -907977.9268
-907977.9268 -1817977.6291 1822022.0732 912022.3709
-1817977.6291 -907977.9268 912022.3709 1822022.0732

1822022.0732 912022.3709 -907977.9268 -1817977.6291
912022.3709 1822022.0732 -1817977.6291 -907977.9268
-907977.9268 -1817977.6291 1822022.0732 912022.3709
-1817977.6291 -907977.9268 912022.3709 1822022.0732

1822022.0732 912022.3709 -907977.9268 -1817977.6291
912022.3709 1822022.0732 -1817977.6291 -907977.9268
-907977.9268 -1817977.6291 1822022.0732 912022.3709
-1817977.6291 -907977.9268 912022.3709 1822022.0732

1822022.0732 912022.3709 -907977.9268 -1817977.6291
912022.3709 1822022.0732 -1817977.6291 -907977.9268
-907977.9268 -1817977.6291 1822022.0732 912022.3709
-1817977.6291 -907977.9268 912022.3709 1822022.0732

1822022.0732 912022.3709 -907977.9268 -1817977.6291
912022.3709 1822022.0732 -1817977.6291 -907977.9268
-907977.9268 -1817977.6291 1822022.0732 912022.3709
-1817977.6291 -907977.9268 912022.3709 1822022.0732

1822022.0732 912022.3709 -907977.9268 -1817977.6291
912022.3709 1822022.0732 -1817977.6291 -907977.9268
-907977.9268 -1817977.6291 1822022.0732 912022.3709
-1817977.6291 -907977.9268 912022.3709 1822022.0732

1822022.0732 912022.3709 -907977.9268 -1817977.6291
912022.3709 1822022.0732 -1817977.6291 -907977.9268
-907977.9268 -1817977.6291 1822022.0732 912022.3709
-1817977.6291 -907977.9268 912022.3709 1822022.0732

1822022.0732 912022.3709 -907977.9268 -1817977.6291
912022.3709 1822022.0732 -1817977.6291 -907977.9268
-907977.9268 -1817977.6291 1822022.0732 912022.3709
-1817977.6291 -907977.9268 912022.3709 1822022.0732

1822022.0732 912022.3709 -907977.9268 -1817977.6291
912022.3709 1822022.0732 -1817977.6291 -907977.9268
-907977.9268 -1817977.6291 1822022.0732 912022.3709
-1817977.6291 -907977.9268 912022.3709 1822022.0732

1822022.0732 912022.3709 -907977.9268 -1817977.6291
912022.3709 1822022.0732 -1817977.6291 -907977.9268
-907977.9268 -1817977.6291 1822022.0732 912022.3709
-1817977.6291 -907977.9268 912022.3709 1822022.0732

1822022.0732 912022.3709 -907977.9268 -1817977.6291
912022.3709 1822022.0732 -1817977.6291 -907977.9268
-907977.9268 -1817977.6291 1822022.0732 912022.3709
-1817977.6291 -907977.9268 912022.3709 1822022.0732

1822022.0732 912022.3709 -907977.9268 -1817977.6291
912022.3709 1822022.0732 -1817977.6291 -907977.9268
-907977.9268 -1817977.6291 1822022.0732 912022.3709
-1817977.6291 -907977.9268 912022.3709 1822022.0732

1822022.0732 912022.3709 -907977.9268 -1817977.6291
912022.3709 1822022.0732 -1817977.6291 -907977.9268
-907977.9268 -1817977.6291 1822022.0732 912022.3709
-1817977.6291 -907977.9268 912022.3709 1822022.0732

1822022.0732 912022.3709 -907977.9268 -1817977.6291
912022.3709 1822022.0732 -1817977.6291 -907977.9268
-907977.9268 -1817977.6291 1822022.0732 912022.3709
-1817977.6291 -907977.9268 912022.3709 1822022.0732

1822022.0732 912022.3709 -907977.9268 -1817977.6291
912022.3709 1822022.0732 -1817977.6291 -907977.9268
-907977.9268 -1817977.6291 1822022.0732 912022.3709
-1817977.6291 -907977.9268 912022.3709 1822022.0732

1822022.0732 912022.3709 -907977.9268 -1817977.6291
912022.3709 1822022.0732 -1817977.6291 -907977.9268
-907977.9268 -1817977.6291 1822022.0732 912022.3709
-1817977.6291 -907977.9268 912022.3709 1822022.0732

1822022.0732 912022.3709 -907977.9268 -1817977.6291
912022.3709 1822022.0732 -1817977.6291 -907977.9268
-907977.9268 -1817977.6291 1822022.0732 912022.3709
-1817977.6291 -907977.9268 912022.3709 1822022.0732

1822022.0732 912022.3709 -907977.9268 -1817977.6291
912022.3709 1822022.0732 -1817977.6291 -907977.9268
-907977.9268 -1817977.6291 1822022.0732 912022.3709
-1817977.6291 -907977.9268 912022.3709 1822022.0732

1822022.0732 912022.3709 -907977.9268 -1817977.6291
912022.3709 1822022.0732 -1817977.6291 -907977.9268
-907977.9268 -1817977.6291 1822022.0732 912022.3709
-1817977.6291 -907977.9268 912022.3709 1822022.0732

1822022.0732 912022.3709 -907977.9268 -1817977.6291
912022.3709 1822022.0732 -1817977.6291 -907977.9268
-907977.9268 -1817977.6291 1822022.0732 912022.3709
-1817977.6291 -907977.9268 912022.3709 1822022.0732

1822022.0732 912022.3709 -907977.9268 -1817977.6291
912022.3709 1822022.0732 -1817977.6291 -907977.9268
-907977.9268 -1817977.6291 1822022.0732 912022.3709
-1817977.6291 -907977.9268 912022.3709 1822022.0732

1822022.0732 912022.3709 -907977.9268 -1817977.6291
912022.3709 1822022.0732 -1817977.6291 -907977.9268
-907977.9268 -1817977.6291 1822022.0732 912022.3709
-1817977.6291 -907977.9268 912022.3709 1822022.0732

1822022.0732 912022.3709 -907977.9268 -1817977.6291
912022.3709 1822022.0732 -1817977.6291 -907977.9268
-907977.9268 -1817977.6291 1822022.0732 912022.3709
-1817977.6291 -907977.9268 912022.3709 1822022.0732

1822022.0732 912022.3709 -907977.9268 -1817977.6291
912022.3709 1822022.0732 -1817977.6291 -907977.9268
-907977.9268 -1817977.6291 1822022.0732 912022.3709
-1817977.6291 -907977.9268 912022.3709 1822022.0732

1822022.0732 912022.3709 -907977.9268 -1817977.6291
912022.3709 1822022.0732 -1817977.6291 -907977.9268
-907977.9268 -1817977.6291 1822022.0732 912022.3709
-1817977.6291 -907977.9268 912022.3709 1822022.0732

1822022.0732 912022.3709 -907977.9268 -1817977.6291
912022.3709 1822022.0732 -1817977.6291 -907977.9268
-907977.9268 -1817977.6291 1822022.0732 912022.3709
-1817977.6291 -907977.9268 912022.3709 1822022.0732

1822022.0732 912022.3709 -907977.9268 -1817977.6291
912022.3709 1822022.0732 -1817977.6291 -907977.9268
-907977.9268 -1817977.6291 1822022.0732 912022.3709
-1817977.6291 -907977.9268 912022.3709 1822022.0732

1822022.0732 912022.3709 -907977.9268 -1817977.6291
912022.3709 1822022.0732 -1817977.6291 -907977.9268
-907977.9268 -1817977.6291 1822022.0732 912022.3709
-1817977.6291 -907977.9268 912022.3709 1822022.0732

1822022.0732 912022.3709 -907977.9268 -1817977.6291
912022.3709 1822022.0732 -1817977.6291 -907977.9268
-907977.9268 -1817977.6291 1822022.0732 912022.3709
-1817977.6291 -907977.9268 912022.3709 1822022.0732

4044.4441

4044.4441

4044.4441

4044.4441

4044.4441

4044.4441

1011.1110 -252.7777 -505.5556 -252.7777
-252.7777 1011.1110 -252.7777 -505.5556
-505.5556 -252.7777 1011.1110 -252.7777
-252.7777 -505.5556 -252.7777 1011.1110

1011.1110 -252.7777 -505.5556 -252.7777
-252.7777 1011.1110 -252.7777 -505.5556
-505.5556 -252.7777 1011.1110 -252.7777
-252.7777 -505.5556 -252.7777 1011.1110

1011.1110 -252.7777 -505.5556 -252.7777
-252.7777 1011.1110 -252.7777 -505.5556
-505.5556 -252.7777 1011.1110 -252.7777
-252.7777 -505.5556 -252.7777 1011.1110

1011.1110 -252.7777 -505.5556 -252.7777
-252.7777 1011.1110 -252.7777 -505.5556
-505.5556 -252.7777 1011.1110 -252.7777
-252.7777 -505.5556 -252.7777 1011.1110

1011.1110 -252.7777 -505.5556 -252.7777
-252.7777 1011.1110 -252.7777 -505.5556
-505.5556 -252.7777 1011.1110 -252.7777
-252.7777 -505.5556 -252.7777 1011.1110

1011.1110 -252.7777 -505.5556 -252.7777
-252.7777 1011.1110 -252.7777 -505.5556
-505.5556 -252.7777 1011.1110 -252.7777
-252.7777 -505.5556 -252.7777 1011.1110

1011.1110 -252.7777 -505.5556 -252.7777
-252.7777 1011.1110 -252.7777 -505.5556
-505.5556 -252.7777 1011.1110 -252.7777
-252.7777 -505.5556 -252.7777 1011.1110

1011.1110 -252.7777 -505.5556 -252.7777
-252.7777 1011.1110 -252.7777 -505.5556
-505.5556 -252.7777 1011.1110 -252.7777
-252.7777 -505.5556 -252.7777 1011.1110

1011.1110 -252.7777 -505.5556 -252.7777
-252.7777 1011.1110 -252.7777 -505.5556
-505.5556 -252.7777 1011.1110 -252.7777
-252.7777 -505.5556 -252.7777 1011.1110

1011.1110 -252.7777 -505.5556 -252.7777
-252.7777 1011.1110 -252.7777 -505.5556
-505.5556 -252.7777 1011.1110 -252.7777
-252.7777 -505.5556 -252.7777 1011.1110

1011.1110 -252.7777 -505.5556 -252.7777
-252.7777 1011.1110 -252.7777 -505.5556
-505.5556 -252.7777 1011.1110 -252.7777
-252.7777 -505.5556 -252.7777 1011.1110

1011.1110 -252.7777 -505.5556 -252.7777
-252.7777 1011.1110 -252.7777 -505.5556
-505.5556 -252.7777 1011.1110 -252.7777
-252.7777 -505.5556 -252.7777 1011.1110

1011.1110 -252.7777 -505.5556 -252.7777
-252.7777 1011.1110 -252.7777 -505.5556
-505.5556 -252.7777 1011.1110 -252.7777
-252.7777 -505.5556 -252.7777 1011.1110

1011.1110 -252.7777 -505.5556 -252.7777
-252.7777 1011.1110 -252.7777 -505.5556
-505.5556 -252.7777 1011.1110 -252.7777
-252.7777 -505.5556 -252.7777 1011.1110

1011.1110 -252.7777 -505.5556 -252.7777
-252.7777 1011.1110 -252.7777 -505.5556
-505.5556 -252.7777 1011.1110 -252.7777
-252.7777 -505.5556 -252.7777 1011.1110

1011.1110 -252.7777 -505.5556 -252.7777
-252.7777 1011.1110 -252.7777 -505.5556
-505.5556 -252.7777 1011.1110 -252.7777
-252.7777 -505.5556 -252.7777 1011.1110

1011.1110 -252.7777 -505.5556 -252.7777
-252.7777 1011.1110 -252.7777 -505.5556
-505.5556 -252.7777 1011.1110 -252.7777
-252.7777 -505.5556 -252.7777 1011.1110

1011.1110 -252.7777 -505.5556 -252.7777
-252.7777 1011.1110 -252.7777 -505.5556
-505.5556 -252.7777 1011.1110 -252.7777
-252.7777 -505.5556 -252.7777 1011.1110

1011.1110 -252.7777 -505.5556 -252.7777
-252.7777 1011.1110 -252.7777 -505.5556
-505.5556 -252.7777 1011.1110 -252.7777
-252.7777 -505.5556 -252.7777 1011.1110

1011.1110 -252.7777 -505.5556 -252.7777
-252.7777 1011.1110 -252.7777 -505.5556
-505.5556 -252.7777 1011.1110 -252.7777
-252.7777 -505.5556 -252.7777 1011.1110

1011.1110 -252.7777 -505.5556 -252.7777
-252.7777 1011.1110 -252.7777 -505.5556
-505.5556 -252.7777 1011.1110 -252.7777
-252.7777 -505.5556 -252.7777 1011.1110

1011.1110 -252.7777 -505.5556 -252.7777
-252.7777 1011.1110 -252.7777 -505.5556
-505.5556 -252.7777 1011.1110 -252.7777
-252.7777 -505.5556 -252.7777 1011.1110

1011.1110 -252.7777 -505.5556 -252.7777
-252.7777 1011.1110 -252.7777 -505.5556
-505.5556 -252.7777 1011.1110 -252.7777
-252.7777 -505.5556 -252.7777 1011.1110

1011.1110 -252.7777 -505.5556 -252.7777
-252.7777 1011.1110 -252.7777 -505.5556
-505.5556 -252.7777 1011.1110 -252.7777
-252.7777 -505.5556 -252.7777 1011.1110

1011.1110 -252.7777 -505.5556 -252.7777
-252.7777 1011.1110 -252.7777 -505.5556
-505.5556 -252.7777 1011.1110 -252.7777
-252.7777 -505.5556 -252.7777 1011.1110

1011.1110 -252.7777 -505.5556 -252.7777
-252.7777 1011.1110 -252.7777 -505.5556
-505.5556 -252.7777 1011.1110 -252.7777
-252.7777 -505.5556 -252.7777 1011.1110

1011.1110 -252.7777 -505.5556 -252.7777
-252.7777 1011.1110 -252.7777 -505.5556
-505.5556 -252.7777 1011.1110 -252.7777
-252.7777 -505.5556 -252.7777 1011.1110

1011.1110 -252.7777 -505.5556 -252.7777
-252.7777 1011.1110 -252.7777 -505.5556
-505.5556 -252.7777 1011.1110 -252.7777
-252.7777 -505.5556 -252.7777 1011.1110

1011.1110 -252.7777 -505.5556 -252.7777
-252.7777 1011.1110 -252.7777 -505.5556
-505.5556 -252.7777 1011.1110 -252.7777
-252.7777 -505.5556 -252.7777 1011.1110

1011.1110 -252.7777 -505.5556 -252.7777
-252.7777 1011.1110 -252.7777 -505.5556
-505.5556 -252.7777 1011.1110 -252.7777
-252.7777 -505.5556 -252.7777 1011.1110

1011.1110 -252.7777 -505.5556 -252.7777
-252.7777 1011.1110 -252.7777 -505.5556
-505.5556 -252.7777 1011.1110 -252.7777
-252.7777 -505.5556 -252.7777 1011.1110

1011.1110 -252.7777 -505.5556 -252.7777
-252.7777 1011.1110 -252.7777 -505.5556
-505.5556 -252.7777 1011.1110 -252.7777
-252.7777 -505.5556 -252.7777 1011.1110

1011.1110 -252.7777 -505.5556 -252.7777
-252.7777 1011.1110 -252.7777 -505.5556
-505.5556 -252.7777 1011.1110 -252.7777
-252.7777 -505.5556 -252.7777 1011.1110

1011.1110 -252.7777 -505.5556 -252.7777
-252.7777 1011.1110 -252.7777 -505.5556
-505.5556 -252.7777 1011.1110 -252.7777
-252.7777 -505.5556 -252.7777 1011.1110

1011.1110 -252.7777 -505.5556 -252.7777
-252.7777 1011.1110 -252.7777 -505.5556
-505.5556 -252.7777 1011.1110 -252.7777
-252.7777 -505.5556 -252.7777 1011.1110

1011.1110 -252.7777 -505.5556 -252.7777
-252.7777 1011.1110 -252.7777 -505.5556
-505.5556 -252.7777 1011.1110 -252.7777
-252.7777 -505.5556 -252.7777 1011.1110

1011.1110 -252.7777 -505.5556 -252.7777
-252.7777 1011.1110 -252.7777 -505.5556
-505.5556 -252.7777 1011.1110 -252.7777
-252.7777 -505.5556 -252.7777 1011.1110

1011.1111 -252.7778 -505.5556 -252.7778
-252.7778 1011.1111 -252.7778 -505.5556
-505.5556 -252.7778 1011.1111 -252.7778
-252.7778 -505.5556 -252.7778 1011.1111

1011.1111 -252.7778 -505.5556 -252.7778
-252.7778 1011.1111 -252.7778 -505.5556
-505.5556 -252.7778 1011.1111 -252.7778
-252.7778 -505.5556 -252.7778 1011.1111

1011.1111 -252.7778 -505.5556 -252.7778
-252.7778 1011.1111 -252.7778 -505.5556
-505.5556 -252.7778 1011.1111 -252.7778
-252.7778 -505.5556 -252.7778 1011.1111

1011.1111 -252.7778 -505.5556 -252.7778
-252.7778 1011.1111 -252.7778 -505.5556
-505.5556 -252.7778 1011.1111 -252.7778
-252.7778 -505.5556 -252.7778 1011.1111

1011.1111 -252.7778 -505.5556 -252.7778
-252.7778 1011.1111 -252.7778 -505.5556
-505.5556 -252.7778 1011.1111 -252.7778
-252.7778 -505.5556 -252.7778 1011.1111

1011.1111 -252.7778 -505.5556 -252.7778
-252.7778 1011.1111 -252.7778 -505.5556
-505.5556 -252.7778 1011.1111 -252.7778
-252.7778 -505.5556 -252.7778 1011.1111

1011.1111 -252.7778 -505.5556 -252.7778
-252.7778 1011.1111 -252.7778 -505.5556
-505.5556 -252.7778 1011.1111 -252.7778
-252.7778 -505.5556 -252.7778 1011.1111

1011.1111 -252.7778 -505.5556 -252.7778
-252.7778 1011.1111 -252.7778 -505.5556
-505.5556 -252.7778 1011.1111 -252.7778
-252.7778 -505.5556 -252.7778 1011.1111

1011.1111 -252.7778 -505.5556 -252.7778
-252.7778 1011.1111 -252.7778 -505.5556
-505.5556 -252.7778 1011.1111 -252.7778
-252.7778 -505.5556 -252.7778 1011.1111

1011.1111 -252.7778 -505.5556 -252.7778
-252.7778 1011.1111 -252.7778 -505.5556
-505.5556 -252.7778 1011.1111 -252.7778
-252.7778 -505.5556 -252.7778 1011.1111

1011.1111 -252.7778 -505.5556 -252.7778
-252.7778 1011.1111 -252.7778 -505.5556
-505.5556 -252.7778 1011.1111 -252.7778
-252.7778 -505.5556 -252.7778 1011.1111

1011.1111 -252.7778 -505.5556 -252.7778
-252.7778 1011.1111 -252.7778 -505.5556
-505.5556 -252.7778 1011.1111 -252.7778
-252.7778 -505.5556 -252.7778 1011.1111

1011.1111 -252.7778 -505.5556 -252.7778
-252.7778 1011.1111 -252.7778 -505.5556
-505.5556 -252.7778 1011.1111 -252.7778
-252.7778 -505.5556 -252.7778 1011.1111

1011.1111 -252.7778 -505.5556 -252.7778
-252.7778 1011.1111 -252.7778 -505.5556
-505.5556 -252.7778 1011.1111 -252.7778
-252.7778 -505.5556 -252.7778 1011.1111

1011.1111 -252.7778 -505.5556 -252.7778
-252.7778 1011.1111 -252.7778 -505.5556
-505.5556 -252.7778 1011.1111 -252.7778
-252.7778 -505.5556 -252.7778 1011.1111

1011.1111 -252.7778 -505.5556 -252.7778
-252.7778 1011.1111 -252.7778 -505.5556
-505.5556 -252.7778 1011.1111 -252.7778
-252.7778 -505.5556 -252.7778 1011.1111

1011.1111 -252.7778 -505.5556 -252.7778
-252.7778 1011.1111 -252.7778 -505.5556
-505.5556 -252.7778 1011.1111 -252.7778
-252.7778 -505.5556 -252.7778 1011.1111

1011.1111 -252.7778 -505.5556 -252.7778
-252.7778 1011.1111 -252.7778 -505.5556
-505.5556 -252.7778 1011.1111 -252.7778
-252.7778 -505.5556 -252.7778 1011.1111

1011.1111 -252.7778 -505.5556 -252.7778
-252.7778 1011.1111 -252.7778 -505.5556
-505.5556 -252.7778 1011.1111 -252.7778
-252.7778 -505.5556 -252.7778 1011.1111

1011.1111 -252.7778 -505.5556 -252.7778
-252.7778 1011.1111 -252.7778 -505.5556
-505.5556 -252.7778 1011.1111 -252.7778
-252.7778 -505.5556 -252.7778 1011.1111

1011.1111 -252.7778 -505.5556 -252.7778
-252.7778 1011.1111 -252.7778 -505.5556
-505.5556 -252.7778 1011.1111 -252.7778
-252.7778 -505.5556 -252.7778 1011.1111

1011.1111 -252.7778 -505.5556 -252.7778
-252.7778 1011.1111 -252.7778 -505.5556
-505.5556 -252.7778 1011.1111 -252.7778
-252.7778 -505.5556 -252.7778 1011.1111

1011.1111 -252.7778 -505.5556 -252.7778
-252.7778 1011.1111 -252.7778 -505.5556
-505.5556 -252.7778 1011.1111 -252.7778
-252.7778 -505.5556 -252.7778 1011.1111

1011.1111 -252.7778 -505.5556 -252.7778
-252.7778 1011.1111 -252.7778 -505.5556
-505.5556 -252.7778 1011.1111 -252.7778
-252.7778 -505.5556 -252.7778 1011.1111

1011.1111 -252.7778 -505.5556 -252.7778
-252.7778 1011.1111 -252.7778 -505.5556
-505.5556 -252.7778 1011.1111 -252.7778
-252.7778 -505.5556 -252.7778 1011.1111

1011.1111 -252.7778 -505.5556 -252.7778
-252.7778 1011.1111 -252.7778 -505.5556
-505.5556 -252.7778 1011.1111 -252.7778
-252.7778 -505.5556 -252.7778 1011.1111

1011.1111 -252.7778 -505.5556 -252.7778
-252.7778 1011.1111 -252.7778 -505.5556
-505.5556 -252.7778 1011.1111 -252.7778
-252.7778 -505.5556 -252.7778 1011.1111

1011.1111 -252.7778 -505.5556 -252.7778
-252.7778 1011.1111 -252.7778 -505.5556
-505.5556 -252.7778 1011.1111 -252.7778
-252.7778 -505.5556 -252.7778 1011.1111

1011.1111 -252.7778 -505.5556 -252.7778
-252.7778 1011.1111 -252.7778 -505.5556
-505.5556 -252.7778 1011.1111 -252.7778
-252.7778 -505.5556 -252.7778 1011.1111

1011.1111 -252.7778 -505.5556 -252.7778
-252.7778 1011.1111 -252.7778 -505.5556
-505.5556 -252.7778 1011.1111 -252.7778
-252.7778 -505.5556 -252.7778 1011.1111

1011.1111 -252.7778 -505.5556 -252.7778
-252.7778 1011.1111 -252.7778 -505.5556
-505.5556 -252.7778 1011.1111 -252.7778
-252.7778 -505.5556 -252.7778 1011.1111

1011.1111 -252.7778 -505.5556 -252.7778
-252.7778 1011.1111 -252.7778 -505.5556
-505.5556 -252.7778 1011.1111 -252.7778
-252.7778 -505.5556 -252.7778 1011.1111

1011.1111 -252.7778 -505.5556 -252.7778
-252.7778 1011.1111 -252.7778 -505.5556
-505.5556 -252.7778 1011.1111 -252.7778
-252.7778 -505.5556 -252.7778 1011.1111

1011.1111 -252.7778 -505.5556 -252.7778
-252.7778 1011.1111 -252.7778 -505.5556
-505.5556 -252.7778 1011.1111 -252.7778
-252.7778 -505.5556 -252.7778 1011.1111

1011.1111 -252.7778 -505.5556 -252.7778
-252.7778 1011.1111 -252.7778 -505.5556
-505.5556 -252.7778 1011.1111 -252.7778
-252.7778 -505.5556 -252.7778 1011.1111

1011.1111 -252.7778 -505.5556 -252.7778
-252.7778 1011.1111 -252.7778 -505.5556
-505.5556 -252.7778 1011.1111 -252.7778
-252.7778 -505.5556 -252.7778 1011.1111

1011.1111 -252.7778 -505.5556 -252.7778
-252.7778 1011.1111 -252.7778 -505.5556
-505.5556 -252.7778 1011.1111 -252.7778
-252.7778 -505.5556 -252.7778 1011.1111

1011.1111 -252.7778 -505.5556 -252.7778
-252.7778 1011.1111 -252.7778 -505.5556
-505.5556 -252.7778 1011.1111 -252.7778
-252.7778 -505.5556 -252.7778 1011.1111

1011.1111 -252.7778 -505.5556 -252.7778
-252.7778 1011.1111 -252.7778 -505.5556
-505.5556 -252.7778 1011.1111 -252.7778
-252.7778 -505.5556 -252.7778 1011.1111

1011.1111 -252.7778 -505.5556 -252.7778
-252.7778 1011.1111 -252.7778 -505.5556
-505.5556 -252.7778 1011.1111 -252.7778
-252.7778 -505.5556 -252.7778 1011.1111

1011.1111 -252.7778 -505.5556 -252.7778
-252.7778 1011.1111 -252.7778 -505.5556
-505.5556 -252.7778 1011.1111 -252.7778
-252.7778 -505.5556 -252.7778 1011.1111

1011.1111 -252.7778 -505.5556 -252.7778
-252.7778 1011.1111 -252.7778 -505.5556
-505.5556 -252.7778 1011.1111 -252.7778
-252.7778 -505.5556 -252.7778 1011.1111

1011.1111 -252.7778 -505.5556 -252.7778
-252.7778 1011.1111 -252.7778 -505.5556
-505.5556 -252.7778 1011.1111 -252.7778
-252.7778 -505.5556 -252.7778 1011.1111

1011.1111 -252.7778 -505.5556 -252.7778
-252.7778 1011.1111 -252.7778 -505.5556
-505.5556 -252.7778 1011.1111 -252.7778
-252.7778 -505.5556 -252.7778 1011.1111

1011.1111 -252.7778 -505.5556 -252.7778
-252.7778 1011.1111 -252.7778 -505.5556
-505.5556 -252.7778 1011.1111 -252.7778
-252.7778 -505.5556 -252.7778 1011.1111

1011.1111 -252.7778 -505.5556 -252.7778
-252.7778 1011.1111 -252.7778 -505.5556
-505.5556 -252.7778 1011.1111 -252.7778
-252.7778 -505.5556 -252.7778 1011.1111

1011.1111 -252.7778 -505.5556 -252.7778
-252.7778 1011.1111 -252.7778 -505.5556
-505.5556 -252.7778 1011.1111 -252.7778
-252.7778 -505.5556 -252.7778 1011.1111

1011.1111 -252.7778 -505.5556 -252.7778
